# The modifications of the output file from Kalibr:
# 1. For each matrix (e.g. cam0/T_cam_imu), remove the brackets and minus sign for each line. Use one pair of brackets for each matrix.
# 2. Add the T_imu_body at the end of the calibration file (usually set to identity).
cam0:
  T_cam_imu:
    [0.950959,  0.186065, -0.246945,   0.120,
  -0.281692,  0.850633, -0.443849,       0,
   0.127482,  0.491663,  0.861362,       0,
          0,         0,         0,       1]
  camera_model: pinhole
  distortion_coeffs: [-0.3599,0.1693,0,0]
  distortion_model: radtan
  #[fx cx fy cy]
  intrinsics: [834.2560,838.9607,497.7146,398.7727]
  resolution: [768, 1024]
  timeshift_cam_imu: 0.0
cam1:
  T_cam_imu:
    [0.950959,  0.186065, -0.246945,    -0.262,
    -0.281692,  0.850633, -0.443849,    -0.078,
     0.127482,  0.491663,  0.861362,     0.557,
      0,         0,         0,         1]
  T_cn_cnm1:
    [1,   0,   0,  0.120, 
     0,   1,   0,  0,
     0,   0,   1,  0, 
     0,   0,   0,   1.0000]
  camera_model: pinhole
  distortion_coeffs: [-0.3532,0.1566,0,0]
  distortion_model: radtan
  intrinsics: [834.2560,838.9607,497.7146,398.7727]
  resolution: [768, 1024]
  timeshift_cam_imu: 0.0
T_imu_body:
  [1.0000, 0.0000, 0.0000, 0.0000,
  0.0000, 1.0000, 0.0000, 0.0000,
  0.0000, 0.0000, 1.0000, 0.0000,
  0.0000, 0.0000, 0.0000, 1.0000]

